Tcl_0: [-0.013380, -0.999900, -0.004410, 0.029180, 
        -0.008250, 0.004520, -0.999960, 0.004140, 
        0.999880, -0.013340, -0.008310, -0.013150, 
        0.000000, 0.000000, 0.000000, 1.000000]
cam_0: 
   image_width: 1600
   image_height: 1296
   k2: -0.005206
   k3: 0.011535
   k4: -0.066217
   k5: 0.067372
   k6: -0.032457
   k7: 0.004410
   p1: 0.000000
   p2: 0.000000
   A11: 737.178885
   A12: -0.459196
   A22: 737.253480
   u0: 783.561025
   v0: 700.424327
